0,571
0,570
0,569
0,568
0,567
0,566
33,106
0,565
0,564
0,563
0,562
0,561
0,560
0,559
0,558
0,557
0,556
0,555
0,554
33,105
23,37
33,104
33,103
33,102
33,101
33,100
33,99
33,98
33,97
33,96
33,95
33,94
33,93
33,92
33,91
33,90
64,5
64,4
33,89
33,88
33,87
33,86
33,85
0,553
67,3
67,2
67,1
67,0
66,5
66,4
66,3
66,2
66,1
66,0
65,4
65,3
65,2
65,1
65,0
64,3
64,2
64,1
64,0
14,13
63,5
63,4
63,3
63,2
63,1
63,0
14,12
62,5
62,4
62,3
62,2
62,1
62,0
61,7
61,6
61,5
61,4
61,3
61,2
61,1
61,0
14,11
60,6
60,5
60,4
60,3
60,2
60,1
60,0
0,552
0,551
0,550
23,36
33,84
33,83
33,82
59,5
59,4
59,3
59,2
59,1
59,0
14,10
31,10
31,9
58,3
58,2
58,1
58,0
57,4
57,3
57,2
57,1
57,0
56,9
56,8
56,7
56,6
56,5
56,4
56,3
56,2
56,1
56,0
55,5
55,4
55,3
55,2
55,1
55,0
14,9
54,4
54,3
54,2
54,1
54,0
14,8
53,4
53,3
53,2
53,1
53,0
52,5
52,4
52,3
52,2
52,1
52,0
51,4
51,3
51,2
51,1
51,0
50,3
50,2
50,1
50,0
49,5
49,4
49,3
49,2
49,1
49,0
48,3
48,2
48,1
48,0
47,5
47,4
47,3
47,2
47,1
47,0
46,7
46,6
46,5
46,4
46,3
46,2
46,1
46,0
45,5
45,4
45,3
45,2
45,1
45,0
14,7
44,4
44,3
44,2
44,1
44,0
14,6
43,7
43,6
43,5
43,4
43,3
43,2
43,1
43,0
42,4
42,3
42,2
42,1
42,0
41,5
41,4
41,3
41,2
41,1
41,0
40,4
40,3
40,2
40,1
40,0
39,5
39,4
39,3
39,2
39,1
39,0
38,4
